nodes = 50
runFBi(50) 
nodes = 100
runFBi(100)
nodes = 200
runFBi(200)
nodes = 300
runFBi(300)
nodes = 400
runFBi(400)
nodes = 500
runFBi(500) 
nodes = 600
runFBi(600)
nodes = 700
runFBi(700)
nodes = 800
runFBi(800)
nodes = 900
runFBi(900)
nodes = 1000
runFBi(1000)